		// buy and hold.  Train = 4.716.  Test = 4.087.  Remember to account for 200 day wait in any APRs 
	//	String genome = "0001 0001 1110 1111";



fitness 872 on splitII
		 1 0 0 0 1 0 1 0 0 0 0 0 0 0 1 0 1 0 1 0 1 1 0 0 1 0 0 0 1 0 1 1 1 0 1 1 1 1 0 1 0 1 0 0 1 0 0 1 0 1 0 0 1 1 1 0 1 0 1 0 0 1 1 0 0 0 1 1 0 1 1 0 0 0 1 1 1 1 0 1 1 1 1 1 1 0 1 1 1 1 0 0 1 0 1 0 1 0 1 0 1 1 1 0 1 0 0 0 1 1 1 0 1 0 0 1 1 1 0 1 1 1 0 1 0 0 0 1 1 0 0 0 0 0 1 0 1 0 0 1 0 0 1 1 1 1 1 1 1 0 1 1 0 0 1 1 0 0 0 0 0 0 1 1 1 0 0 1 1 0 0 0 1 1 1 0 1 0 0 0 1 1 0 0 1 0 1 1 0 0 0 1 1 0 0 0 0 0 1 0 0 0 0 1 0 0 0 1 0 0 0 0 1 1 0 0 1 0 1 0 1 1 1 0 1 1 0 0 0 0 1 1 0 0 1 0 0 1 1 0 1 1 0 0 1 1 1 0 1 0 0 1 1 0 0 1 0 1 0 1 1 1 1 1 0 0 1 1 0 0 1 1 1 0 0 0 0 1 0 1 0 0 0 1 1 0 0 1 1 1 0 0 1 1 1 1 0 1 1 1


String genome = " 1 0 0 0 1 0 1 0 0 0 0 0 0 0 1 0 1 0 1 0 1 1 0 0 1 0 0 0 1 0 1 1 1 0 1 1 1 1 0 1 0 1 0 0 1 0 0 1 0 1 0 0 1 1 1 0 1 0 1 0 0 1 1 0 0 0 1 1 0 1 1 0 0 0 1 1 1 1 0 1 1 1 1 1 1 0 1 1 1 1 0 0 1 0 1 0 1 0 1 0 1 1 1 0 1 0 0 0 1 1 1 0 1 0 0 1 1 1 0 1 1 1 0 1 0 0 0 1 1 0 0 0 0 0 1 0 1 0 0 1 0 0 1 1 1 1 1 1 1 0 1 1 0 0 1 1 0 0 0 0 0 0 1 1 1 0 0 1 1 0 0 0 1 1 1 0 1 0 0 0 1 1 0 0 1 0 1 1 0 0 0 1 1 0 0 0 0 0 1 0 0 0 0 1 0 0 0 1 0 0 0 0 1 1 0 0 1 0 1 0 1 1 1 0 1 1 0 0 0 0 1 1 0 0 1 0 0 1 1 0 1 1 0 0 1 1 1 0 1 0 0 1 1 0 0 1 0 1 0 1 1 1 1 1 0 0 1 1 0 0 1 1 1 0 0 0 0 1 0 1 0 0 0 1 1 0 0 1 1 1 0 0 1 1 1 1 0 1 1 1";
		
		dft
		String genome = "0001 0010 1110 1111 0010 0001 1111 1111";

		
				anti-DFT
		String genome = "0001 0010 1111 1111 0010 0001 1110 1111";

		

		String genome = " 0 0 1 0 0 1 0 1 0 0 0 1 1 1 1 0 1 1 0 0 1 1 1 0 0 1 0 1 0 1 1 0 1 0 1 1 1 0 0 0 0 1 1 1 0 0 0 1 1 1 1 0 0 1 0 0 0 1 0 0 0 0 1 0 0 0 1 0 0 0 0 0 1 0 0 1 1 1 0 0 0 0 0 0 0 0 1 1 1 0 0 1 0 1 0 1 0 1 1 0 0 0 1 0 1 1 1 0 0 1 1 0 0 1 1 1 1 1 1 0 0 0 1 1 1 1 1 1 1 1 1 0 0 1 0 0 0 0 0 0 1 1 1 0 1 1 0 0 1 1 0 0 1 1 0 1 0 0 1 1 0 0 1 0 1 1 1 0 0 1 1 1 0 0 0 1 1 0 1 1 0 0 0 1 0 0 1 0 1 1 1 0 0 0 1 1 1 0 1 0 1 0 0 1 1 0 1 0 0 0 0 0 1 0 1 1 0 1 1 1 0 0 1 0 0 1 0 0 0 1 1 0 0 0 0 0 0 0 1 1 1 1 0 1 0 0 0 1 1 0 1 0 0 0 1 0 0 1 0 1 0 0 0 0 1 1 1 0 1 0 0 1 0 0 1 1 1 0 0 0 1 0 1 1 0 0 1 1 0 1 0 1 0 1 1 1 1 1 0 0";


		 do nothing:
		String genome = "0001 0001 1110 1111 0001 0001 1111 1111";

Split I train ~20 test 15.6:
 0 1 0 1 1 0 0 0 0 1 1 0 0 0 0 1 0 1 1 1 0 0 0 0 1 0 0 0 0 0 0 1 1 1 0 0 1 0 0 1 1 1 0 1 0 1 0 1 0 1 0 0 0 1 1 0 0 0 1 0 1 0 1 0 0 1 1 0 1 1 0 0 0 0 1 1 1 1 1 0 1 0 1 0 0 0 0 1 0 1 0 0 1 1 1 0 1 0 0 1 0 1 0 1 0 1 1 1 1 1 1 1 1 0 0 1 0 0 0 1 0 0 0 0 1 1 1 0 1 1 0 1 1 1 1 0 0 1 1 0 0 1 0 0 1 0 0 0 1 0 0 0 0 0 0 1 0 0 1 1 1 1 1 1 1 1 0 0 1 0 0 1 0 1 0 1 1 1 1 1 0 1 0 0 0 0 1 1 1 1 1 1 0 1 0 0 0 1 1 0 0 1 1 0 0 1 0 0 0 1 1 0 1 1 1 0 1 0 0 1 0 1 1 1 1 1 1 1 0 0 0 1 0 1 1 1 1 0 0 0 0 1 1 0 1 0 0 0 1 1 0 0 1 1 1 1 1 1 1 1 1 0 0 0 0 1 0 0 0 0 0 1 1 0 1 0 0 1 0 1 1 0 0 0 1 1 0 1 1 1 0 0 0 0 1 1 1 0 0 1 0 1 0 0 1 0 0 0 0 1 1 1 0 1 1 1 0 0 1 0 0 0 1 1 0 1 1 0 0 0 0 0 0 1 1 1 1 0 0 1 1 1 0 1 1 0 0 1 0 1 0 1 0 1 1 0 1 1 0 0 0 1 0 1 0 1 1 0 0 0 0 1 1 0 0 1 1 1 0 0 0 0 1 1 0 1 0 1 1 0 1 0 0 0 0 1 1 1 0 1

 train ~20 14.9:
  1 1 0 1 1 0 0 0 0 1 1 0 0 0 0 1 0 1 0 0 0 0 0 0 1 0 1 0 0 0 0 1 1 1 0 0 1 0 1 1 1 1 0 1 0 1 0 1 0 1 0 0 0 0 0 0 0 0 0 0 1 1 1 0 0 1 1 0 1 1 0 0 0 0 1 1 1 1 1 0 1 0 1 0 0 0 0 1 0 1 0 0 1 1 1 0 1 0 0 1 0 1 0 1 0 1 1 1 1 1 1 1 0 0 0 1 0 0 0 1 0 0 0 0 1 1 1 0 0 1 0 1 1 1 1 0 0 1 1 0 0 1 0 0 0 0 0 1 1 0 0 0 0 0 0 1 0 0 1 1 1 1 1 1 1 1 0 0 1 1 0 1 0 1 0 0 1 1 1 1 1 1 0 1 0 0 1 1 1 1 0 1 0 1 0 1 0 0 1 0 1 0 0 0 0 1 0 0 0 1 1 0 1 1 1 0 1 1 0 1 0 1 1 1 1 1 1 1 0 0 0 1 0 1 1 1 1 0 0 0 0 0 1 0 1 1 0 1 1 1 0 0 1 1 1 1 1 1 1 1 0 0 0 1 0 0 1 0 0 0 1 1 1 0 1 0 0 1 0 0 1 0 0 0 1 1 0 1 1 1 0 0 0 0 1 1 1 0 0 1 0 1 0 0 1 0 0 0 1 1 0 1 1 1 1 1 1 0 1 0 1 0 0 1 0 0 1 0 1 1 1 0 0 0 1 1 0 0 0 1 1 1 0 1 1 0 0 1 0 1 0 1 0 1 1 0 1 1 0 0 0 1 0 0 1 1 0 1 0 1 0 0 0 0 1 1 1 1 0 0 0 0 1 1 0 0 0 1 0 0 0 0 0 0 0 0 1 0 0 1


 
 
 
 
 
 
 
 
 
 
 
 
 
 
 
 
 
 14.6: 
 0 0 1 1 0 0 0 0 0 1 1 1 0 0 1 1 0 1 0 0 0 0 0 0 1 0 1 0 0 0 0 1 1 1 0 0 1 0 1 1 1 1 0 1 0 1 0 1 0 1 0 0 0 1 1 0 0 0 1 0 1 0 1 0 0 1 1 0 1 1 0 0 0 1 1 1 1 1 1 0 1 0 1 0 0 0 0 1 0 1 0 0 1 1 1 0 1 0 0 1 0 1 0 1 0 1 1 1 1 1 1 1 1 0 0 1 0 0 0 1 0 0 0 0 1 1 1 0 1 1 0 1 1 1 1 0 0 1 1 0 0 1 0 0 1 0 0 0 1 0 0 0 0 0 1 1 0 0 1 1 1 1 1 1 1 1 0 0 1 1 0 1 0 1 0 1 1 1 1 1 1 1 0 0 0 0 1 1 1 1 1 1 0 1 0 0 0 0 1 0 1 0 0 0 0 1 0 0 0 1 1 0 1 1 1 0 1 0 0 1 0 1 1 1 1 1 1 1 0 0 0 1 0 1 1 1 1 0 0 0 0 1 1 0 1 1 0 1 1 1 0 0 1 1 1 1 1 1 1 1 0 1 0 0 1 0 1 0 0 0 0 1 1 0 1 0 0 1 0 1 1 0 0 1 1 1 0 1 1 1 0 0 0 0 1 1 1 0 0 1 0 1 0 0 1 0 0 0 1 0 1 1 0 0 0 0 0 1 0 1 1 0 1 1 0 1 1 0 0 0 0 0 1 0 0 1 1 0 1 0 0 0 0 1 0 0 0 1 0 1 0 1 0 0 0 0 0 1 0 0 1 0 0 1 1 1 1 1 0 1 0 0 1 0 0 1 1 0 0 1 1 1 0 1 0 1 1 1 0 1 1 0 1 1 0 1 0 0 0 1

 13.8:
  1 1 0 1 1 0 0 0 0 1 1 0 0 0 0 1 0 0 0 1 0 0 1 1 0 0 1 0 0 0 0 1 1 1 0 0 1 0 1 1 1 1 0 1 0 1 0 1 0 1 0 0 0 1 1 0 0 0 1 0 1 0 1 0 0 1 1 0 1 1 0 0 0 0 1 1 1 1 1 0 1 0 1 0 0 0 0 1 0 1 0 0 1 1 1 0 1 0 0 1 0 1 0 1 0 1 1 1 1 1 1 1 1 0 0 1 0 0 0 1 0 0 0 0 1 1 1 0 1 1 0 1 1 1 1 0 0 1 1 0 0 1 0 0 1 0 0 0 1 0 0 0 0 0 0 1 0 0 1 1 1 1 1 1 1 1 0 0 1 1 0 1 0 1 0 1 1 1 1 1 0 1 0 0 0 0 1 1 1 1 1 1 0 1 0 0 0 1 1 0 0 1 1 0 0 1 0 0 0 1 1 0 1 1 1 0 1 0 0 1 0 1 1 1 1 1 1 1 0 0 0 1 0 1 1 1 1 0 0 0 0 1 1 0 1 1 0 1 1 1 0 0 1 1 1 1 1 1 1 1 0 0 0 0 0 1 0 0 0 0 0 1 1 0 1 0 0 1 0 1 0 1 0 1 1 1 0 1 0 0 1 0 0 0 0 0 0 1 1 0 1 0 0 1 0 0 0 0 1 0 0 1 0 1 1 1 1 0 0 0 1 0 0 1 0 1 1 0 0 0 0 0 0 1 1 1 0 0 1 0 0 0 0 1 1 0 1 1 0 1 0 1 1 1 0 0 0 1 0 0 1 0 0 1 1 1 0 1 0 1 0 0 0 0 0 1 1 1 0 0 0 0 1 1 0 0 0 1 0 0 0 0 0 0 0 0 1 0 0 1


13.4:
 1 1 0 1 1 0 0 0 0 1 1 0 0 0 0 1 0 0 0 1 0 0 1 1 0 0 1 1 1 0 0 0 1 1 0 0 0 0 1 0 1 1 0 1 0 1 0 1 0 1 0 0 0 1 1 0 0 0 1 0 1 0 1 0 0 1 1 0 1 1 0 0 0 0 1 1 1 1 1 0 1 0 1 0 0 0 0 1 0 1 0 0 1 1 1 0 1 0 0 1 0 1 0 1 0 1 1 1 1 1 1 1 1 0 0 1 0 0 0 1 0 0 0 0 1 1 1 0 1 1 0 1 1 1 1 0 0 1 1 0 0 1 0 0 1 0 0 0 1 0 0 0 0 0 0 1 0 0 1 1 1 1 1 1 1 1 0 0 1 1 0 1 0 1 0 1 1 1 1 1 0 1 0 0 0 0 1 1 1 1 1 1 0 1 0 0 0 1 1 0 1 0 0 0 0 1 0 0 0 1 1 0 1 1 1 0 1 0 1 1 0 0 1 1 1 1 1 1 0 0 0 1 0 1 1 1 1 0 0 0 0 1 1 0 1 1 0 1 1 1 0 0 1 1 1 1 1 1 1 1 0 0 0 0 1 1 0 0 0 0 0 0 1 0 1 0 0 1 0 0 1 0 0 0 1 1 0 1 1 1 0 0 0 0 0 1 1 0 0 1 0 1 0 0 1 0 0 0 1 0 0 1 0 1 1 1 1 0 1 0 1 0 1 1 0 0 1 0 0 0 0 0 0 0 0 1 0 0 1 0 0 0 0 1 1 0 1 1 1 0 0 1 1 0 0 0 0 1 0 0 1 0 0 0 1 1 0 1 0 1 0 0 0 0 1 1 1 1 0 1 0 0 1 1 0 0 0 1 1 0 1 0 0 0 0 1 1 1 0 1


 12.5

 1 1 0 1 1 0 0 0 0 1 1 0 0 0 1 1 0 0 0 1 0 0 1 1 0 0 1 1 1 1 1 0 1 1 1 0 0 0 1 0 1 1 0 1 0 1 0 1 0 1 0 0 0 1 1 0 0 0 0 0 1 0 1 0 0 1 1 0 1 1 0 0 0 0 1 1 1 1 1 0 1 0 0 0 0 0 0 1 0 1 0 0 1 1 1 0 1 0 0 1 1 1 0 0 0 1 1 0 1 1 1 1 1 0 0 1 0 0 0 1 0 0 0 0 1 1 1 0 1 1 0 1 1 1 1 0 0 1 1 0 0 1 0 0 1 0 0 0 1 0 0 0 0 0 0 1 0 0 1 1 1 1 1 1 1 1 0 0 1 1 0 1 0 1 0 1 1 1 1 1 1 1 0 1 0 0 1 1 1 1 0 1 0 1 0 1 0 0 1 0 1 0 0 0 0 1 0 1 0 1 1 0 1 1 1 0 1 0 0 1 0 1 1 1 1 1 1 1 0 1 0 1 0 1 1 1 1 0 0 0 0 1 1 0 1 1 0 1 1 1 0 0 1 1 1 1 1 1 1 1 0 0 0 0 0 1 0 0 0 0 0 1 1 0 1 0 0 1 0 1 1 0 0 0 1 1 0 1 0 1 0 0 0 0 1 1 1 0 0 1 0 1 0 0 1 0 0 0 1 0 1 1 0 0 0 0 0 1 0 1 0 0 1 1 0 1 1 0 0 0 0 0 0 0 0 1 1 0 1 1 0 0 0 1 0 0 0 1 0 1 0 1 0 0 0 0 0 1 0 0 1 1 0 1 1 1 0 1 0 1 0 0 0 0 1 1 1 1 0 0 0 0 1 1 0 0 0 1 0 0 1 0 0 0 0 1 1 0 0 1


 
 fitness 756 split I train:

 1 1 1 0 0 1 0 1 0 1 0 1 0 0 1 0 1 1 0 1 0 1 1 0 1 1 1 1 1 0 0 1 0 0 1 0 0 0 1 1 1 0 0 0 1 1 1 1 1 0 1 0 1 1 0 1 1 0 1 1 0 1 0 1 0 1 1 1 1 1 1 0 0 1 0 0 0 1 0 0 1 1 1 1 0 0 0 0 0 1 0 0 1 1 0 1 1 0 0 1 1 0 1 1 0 0 1 1 0 0 0 0 0 0 0 1 1 0 1 1 0 1 0 1 0 0 1 1 0 1 0 0 1 1 0 1 0 0 0 0 1 1 0 0 1 1 0 1 1 1 1 0 1 0 0 0 1 0 0 0 0 1 1 1 0 0 0 0 0 1 0 1 0 0 1 1 1 0 1 0 1 0 1 1 0 1 0 0 0 1 1 0 1 1 0 0 1 1 0 1 1 1 1 1 1 1 1 1 1 1 0 0 1 1 0 1 0 1 0 1 1 1 0 0 0 1 1 1 1 0 0 1 0 0 0 0 1 1 0 0 0 1 0 0 0 0 1 1 0 1 0 0 1 1 1 1 1 1 0 1 0 1 1 0 1 0 0 1 0 0 1 0 0 0 1 1 0 0 1 1 1 1 1 1 0 0 0 1 0 0 1 0 0 1 1 0 0 0 0 0 1 0 0 0 0 1 0 0 0 0 0 1 1 1 0 0 1 1 1 0 1 0 0 1 1 0 1 1 1 0 0 0 0 0 1 0 1 1 1 0 0 0 0 1 0 1 1 1 1 1 1 0 0 1 1 1 0 0 1 0 0 0 0 1 1 1 1 1 1 0 1 0 0 0 1 0 0 1 0 0 1 1 0 0 0 1 0 1 0 0 1 1 0 1 1 1 1 1 0 1
 
fitness 1152 split i train:
 0 0 0 1 1 0 0 0 0 0 1 0 0 1 1 1 1 1 0 1 1 0 0 1 1 0 0 1 1 0 1 1 0 1 1 0 0 1 1 0 0 0 0 1 0 0 0 0 1 1 1 0 1 1 1 0 1 0 1 0 1 1 1 0 0 0 0 0 0 0 0 1 1 1 1 0 0 0 0 1 1 1 0 0 1 1 0 0 0 0 1 0 0 0 1 1 0 0 0 1 1 0 0 1 0 1 1 1 1 1 0 0 1 1 1 1 1 0 0 0 1 0 0 0 0 0 1 0 0 0 0 0 0 1 0 1 1 0 1 0 0 0 1 0 1 1 1 1 1 1 1 1 1 1 1 1 0 0 0 0 1 1 0 0 1 0 1 0 0 1 0 0 1 0 0 0 1 0 0 0 1 0 0 1 1 1 0 1 1 0 0 1 1 0 0 0 1 1 1 0 1 0 1 0 0 1 1 0 0 0 1 0 0 1 0 1 0 1 0 1 0 0 0 1 1 1 0 1 0 0 1 1 1 0 0 0 0 1 1 1 0 1 1 0 0 1 0 0 0 1 0 1 0 0 0 0 1 1 0 1 1 1 0 0 0 0 1 1 1 1 0 1 1 1 1 0 1 1 1 0 1 0 0 0 0 0 0 0 0 0 0 1 0 0 1 0 0 1 0 1 1 1 1 0 1 1 0 0 0 0 0 0 0 0 1 0 0 1 0 1 0 0 1 0 1 1 0 1 1 0 0 1 0 0 1 0 0 0 1 0 1 1 1 1 0 1 1 1 1 1 0 0 0 0 1 0 1 0 0 1 1 0 1 1 1 0 0 0 1 0 1 0 1 0 0 1 1 0 0 0 0 0 1 0 1 0 1 0 1 0 0 0 0 0 0 0 1 1 0 1

Generation: 149
Best Individual:
Evaluated: T
Fitness: 2040.8239
Subpop 0 best fitness of generation: Fitness: 2040.8239
 0 0 0 1 1 0 0 0 0 0 1 0 0 1 1 1 1 1 0 1 1 0 0 1 1 0 0 1 1 0 1 1 0 1 1 0 0 1 1 0 0 0 0 1 0 0 0 0 1 1 1 0 1 1 0 0 1 0 1 0 1 1 1 0 0 0 0 0 0 0 0 1 1 1 1 0 0 0 0 1 0 1 1 0 1 1 0 0 0 0 1 0 0 0 1 1 1 0 0 1 1 0 0 1 0 0 1 1 1 1 0 1 1 1 1 1 1 0 0 0 1 0 0 0 0 0 1 1 0 1 0 1 0 1 1 1 1 0 1 0 0 0 1 0 1 1 1 1 1 1 1 0 1 1 1 0 0 0 0 0 1 1 0 0 1 0 1 0 0 1 0 0 1 0 0 1 1 1 0 0 1 1 0 1 1 1 0 1 1 0 0 1 1 0 1 0 1 1 1 0 1 0 1 0 0 0 1 0 0 0 1 0 0 1 0 1 0 1 0 1 0 0 0 1 1 1 0 1 1 0 1 1 1 0 0 0 1 1 0 0 0 1 0 0 0 1 1 0 0 1 0 0 1 0 0 0 1 0 0 1 0 1 0 0 0 1 1 0 1 1 0 1 1 1 1 0 1 1 1 0 1 0 0 0 0 0 1 0 0 0 0 1 0 0 1 0 0 0 0 1 1 1 1 0 1 1 0 0 0 0 0 0 0 0 1 0 0 1 0 1 0 0 1 0 1 1 0 1 1 0 0 1 0 0 0 1 0 0 1 0 1 1 1 1 0 1 1 1 1 1 0 0 0 0 1 1 1 1 0 1 1 0 1 1 1 0 0 1 1 0 1 0 1 0 0 1 1 0 0 0 0 0 1 1 1 1 1 0 1 0 0 0 0 0 0 0 1 1 0 1

Best Individual of Run:
Evaluated: T
Fitness: 2225.9922
Subpop 0 best fitness of run: Fitness: 2225.9922
 0 0 0 0 1 0 0 0 0 0 1 0 0 1 1 1 1 1 0 1 1 0 0 1 1 0 1 1 1 0 1 1 0 1 1 0 0 1 1 0 0 0 0 1 0 0 0 0 1 1 1 0 1 1 1 0 1 0 1 0 1 1 1 0 0 0 0 0 0 0 0 1 1 1 1 0 0 0 0 1 0 1 1 0 1 1 0 0 0 0 1 0 0 0 1 1 1 0 0 1 1 0 0 1 0 0 1 1 1 1 0 1 1 1 1 1 1 0 0 0 1 0 0 0 0 0 1 1 0 0 0 1 0 1 1 1 1 0 1 0 0 0 1 0 1 1 1 1 1 1 1 0 1 1 1 0 0 0 0 0 1 1 0 0 1 0 1 0 0 1 0 0 1 0 0 0 1 1 0 0 1 1 0 1 1 1 0 1 1 0 0 1 1 0 0 0 1 1 1 0 1 0 1 0 0 1 0 0 0 0 1 0 0 1 0 0 0 1 0 1 1 0 0 1 1 1 0 1 0 0 1 1 1 0 0 0 0 0 0 1 0 0 1 0 0 0 0 0 1 1 0 0 0 0 1 0 1 1 0 1 1 1 0 1 0 0 1 1 1 1 0 1 1 1 1 0 1 1 1 0 1 0 0 0 0 0 1 0 0 0 0 1 0 0 1 0 0 1 0 1 1 1 1 0 1 1 0 0 0 0 0 0 0 0 1 0 0 1 0 1 0 0 1 0 1 1 0 1 1 0 0 1 0 0 1 0 0 0 1 0 1 1 1 1 0 1 1 1 1 1 0 0 0 0 1 0 1 1 0 1 1 0 1 1 1 0 0 0 0 0 1 0 1 0 0 1 1 0 0 0 0 0 1 1 1 1 1 0 1 0 0 0 0 0 0 0 1 1 0 1
 
 
 
 Fitness: 1910.6444
 0 1 0 1 1 0 0 0 0 0 1 0 0 1 1 1 1 1 0 1 1 0 0 1 1 0 0 1 1 0 1 1 0 1 1 0 0 1 1 0 0 0 0 1 0 0 0 0 1 1 1 0 1 1 1 0 1 0 0 0 1 0 1 0 0 0 0 0 0 0 0 0 1 1 1 0 0 0 0 1 0 1 1 0 1 1 0 0 0 0 1 0 0 0 1 1 1 0 0 1 1 0 0 1 0 0 1 1 1 1 0 1 1 1 1 1 1 0 0 0 1 0 0 0 0 0 1 1 0 0 0 1 0 1 0 1 1 0 1 0 0 0 1 0 1 1 1 1 1 1 1 1 1 1 1 1 0 0 0 0 1 1 0 0 1 0 1 0 0 1 0 0 1 0 0 0 1 1 0 0 1 1 0 1 1 1 0 1 1 0 0 1 1 0 0 0 1 1 1 0 1 0 1 0 0 1 1 0 0 0 1 0 0 1 0 1 0 1 0 1 1 1 0 0 1 1 0 1 1 0 1 1 1 0 0 1 0 0 0 0 0 1 1 0 0 1 0 0 0 1 0 0 0 1 0 0 1 0 0 1 1 1 0 0 0 1 1 1 1 1 0 1 1 1 1 1 1 1 1 0 1 0 0 0 0 0 1 0 0 0 0 1 0 0 1 0 1 0 0 1 1 1 1 0 1 1 0 0 0 0 0 0 0 0 1 0 0 1 0 1 0 0 1 0 1 1 0 1 1 0 0 1 0 0 1 1 0 0 1 0 1 1 1 1 0 1 1 1 1 1 0 0 0 0 1 0 1 1 0 1 0 1 0 1 1 0 0 0 0 0 1 0 1 0 0 1 1 0 0 0 0 0 1 0 1 0 1 0 1 0 0 0 0 0 0 0 1 1 0 1
Subpop 0 best fitness of generation: Fitness: 1910.6444
Generation 129

Generation: 129
Best Individual:
Evaluated: T
Fitness: 1939.1802
 0 0 0 1 1 0 0 0 0 0 1 0 0 1 1 1 1 1 0 1 1 0 0 1 1 0 0 1 1 0 1 1 0 1 1 0 0 1 1 0 0 0 0 1 0 0 0 0 1 1 1 0 1 1 1 0 1 0 1 0 1 1 1 0 0 0 0 0 0 0 0 0 1 1 1 0 0 0 0 1 0 1 1 0 1 1 0 0 0 0 1 0 0 0 1 1 1 0 0 1 1 0 0 1 0 0 0 1 1 1 0 1 1 1 1 1 1 0 0 0 1 0 0 0 0 0 1 1 0 0 0 1 0 1 1 1 1 0 1 0 0 0 1 0 1 1 1 1 0 1 1 1 1 1 1 0 0 0 0 0 1 1 0 0 1 0 1 0 0 1 0 0 1 0 0 0 1 1 0 0 1 1 0 1 1 1 0 1 1 0 0 1 1 0 0 0 1 1 1 0 1 0 1 0 0 1 1 0 0 0 1 0 0 1 0 1 0 1 0 1 1 1 0 1 1 1 0 1 0 0 1 1 1 0 0 0 0 0 0 0 0 1 1 0 0 1 0 0 0 1 0 0 0 1 1 0 1 0 0 1 1 1 0 0 0 1 1 1 1 1 0 1 1 1 1 1 1 0 1 0 1 0 0 0 0 0 1 0 0 0 0 1 0 0 1 0 1 1 0 1 1 1 1 0 1 1 0 0 0 0 0 0 0 0 1 0 0 1 0 1 0 0 1 0 1 1 0 1 1 0 0 1 0 0 1 1 0 0 1 0 1 1 1 1 0 1 1 1 1 1 0 0 0 0 1 0 1 1 0 1 1 0 1 1 1 0 0 0 1 0 1 0 1 0 0 1 0 0 0 0 0 0 1 0 1 0 1 1 1 1 0 0 0 0 0 0 1 1 0 1
Subpop 0 best fitness of generation: Fitness: 1939.1802


Generation: 124
Best Individual:
Evaluated: T
Fitness: 1939.1802
 0 0 0 1 1 0 0 0 0 0 1 0 0 1 1 1 1 1 0 1 1 0 0 1 1 0 0 1 1 0 1 1 0 1 1 0 0 1 1 0 0 0 0 1 0 0 0 0 1 1 1 0 1 0 1 0 1 0 0 0 1 1 1 0 0 0 0 0 0 0 0 1 1 1 1 0 0 0 0 1 0 1 1 0 1 1 0 0 0 0 1 0 0 0 1 1 1 0 0 1 1 0 0 1 0 0 1 1 1 1 0 1 1 1 1 1 1 0 0 0 1 0 0 0 0 0 1 1 0 0 0 1 0 1 1 1 1 0 1 0 0 0 1 0 1 1 1 1 1 1 1 1 1 1 1 0 0 0 0 0 1 1 0 0 1 0 1 0 0 1 0 0 1 0 0 0 1 1 0 0 1 1 0 1 1 1 0 1 1 0 0 1 1 0 1 0 1 1 1 0 1 0 1 0 0 0 1 0 0 0 1 0 0 1 0 0 0 0 0 1 0 0 0 0 1 1 0 1 1 0 1 1 1 0 0 0 0 1 0 0 0 1 0 0 0 1 1 0 0 1 0 0 1 0 0 0 1 0 0 1 1 1 0 0 0 1 1 1 1 1 0 1 1 1 1 0 1 1 1 0 1 0 0 0 0 0 1 0 0 0 0 1 0 0 1 0 0 1 0 1 1 1 1 0 1 1 0 0 0 0 0 0 0 0 1 0 0 1 0 1 0 0 1 0 1 1 0 1 1 0 0 1 0 0 1 1 0 0 1 0 1 1 1 1 0 1 1 1 1 1 0 0 0 0 1 0 1 1 0 1 1 0 1 1 1 0 0 0 1 0 1 0 1 0 0 1 1 0 0 0 0 1 1 1 1 1 1 0 1 0 0 1 0 0 0 0 1 1 0 1
Subpop 0 best fitness of generation: Fitness: 1939.1802
Generation 125

Generation: 125
Best Individual:
Evaluated: T
Fitness: 1982.0262
 0 0 0 1 1 0 0 0 0 0 1 0 0 1 1 1 1 1 0 1 1 0 0 1 1 0 0 1 1 0 1 1 0 1 1 0 0 1 1 0 0 0 0 1 0 0 0 0 1 1 1 0 1 1 1 0 1 0 1 0 1 1 1 0 0 0 0 0 0 0 0 0 1 1 1 0 0 0 0 1 0 1 1 0 1 1 0 0 0 0 1 0 0 0 1 1 0 0 0 1 1 0 0 1 0 0 1 1 1 1 0 1 1 1 1 1 1 0 0 0 1 0 0 0 0 0 1 1 0 0 0 1 0 1 0 1 1 0 1 0 0 0 1 0 1 1 1 1 1 1 1 1 1 1 1 1 0 0 0 0 1 1 0 0 1 0 1 0 0 1 0 1 1 0 0 0 1 1 0 0 1 1 0 1 1 1 0 1 1 0 0 1 1 0 0 0 1 1 1 0 1 0 1 0 0 1 1 0 0 0 1 0 0 1 0 1 0 1 0 1 1 1 0 1 1 1 0 1 0 0 1 1 1 0 0 0 0 0 0 0 0 1 1 0 0 1 0 0 0 1 0 0 0 1 0 0 1 0 0 1 1 1 0 0 0 1 1 1 1 1 0 1 1 1 1 1 1 0 1 0 1 0 0 0 0 0 1 0 0 0 0 1 0 0 1 0 1 1 0 1 1 1 1 0 1 1 0 0 0 0 0 0 0 0 1 0 0 1 0 1 0 0 1 0 1 1 0 1 1 0 0 1 0 0 1 1 0 0 1 0 1 1 1 1 0 1 1 1 1 1 0 0 0 0 1 0 1 1 0 1 1 0 1 1 1 0 0 0 1 0 1 0 1 0 0 1 1 0 0 0 0 1 1 1 1 1 1 0 1 0 0 1 0 0 0 0 1 1 0 1
Subpop 0 best fitness of generation: Fitness: 1982.0262
Generation 126

Generation: 126
Best Individual:
Evaluated: T
Fitness: 1953.7614
 0 0 0 1 1 0 0 0 0 0 1 0 0 1 1 1 1 1 0 1 1 0 0 1 1 0 0 1 1 0 1 1 0 1 1 0 0 1 1 0 0 0 0 1 0 0 0 0 1 1 1 0 1 1 1 0 1 0 1 0 1 1 1 0 0 0 0 0 0 0 0 0 1 1 1 0 0 0 0 1 0 1 1 0 1 1 0 0 0 0 1 0 0 0 1 1 1 0 0 1 1 0 0 1 0 0 1 1 1 1 0 1 1 1 1 1 1 0 0 0 1 0 0 0 0 0 1 1 0 0 0 1 0 1 1 1 1 0 1 0 0 0 1 0 1 1 1 1 1 1 1 1 1 1 1 0 0 0 0 0 1 1 0 0 1 0 1 0 0 1 0 0 1 0 0 0 1 1 0 0 1 1 0 1 1 1 0 1 1 0 0 1 1 0 0 0 1 1 1 0 1 0 1 0 0 1 0 0 0 0 1 0 0 1 0 0 0 1 0 1 1 0 0 0 1 1 0 1 0 0 1 1 1 0 0 0 0 0 0 1 0 1 1 0 0 0 0 0 1 1 0 0 0 0 1 0 1 1 0 1 1 1 0 1 0 0 1 1 1 1 0 1 1 1 1 0 1 1 1 0 1 0 0 0 0 0 1 0 0 0 0 1 0 0 1 0 0 1 0 1 1 1 1 0 1 1 0 0 0 0 0 0 0 0 1 0 0 0 0 1 0 0 1 0 1 1 0 1 1 0 0 1 0 0 1 1 1 0 1 0 1 1 1 1 0 1 1 1 1 1 0 0 0 0 1 0 1 1 0 1 1 0 1 1 1 0 0 0 1 0 1 0 1 0 0 1 1 0 0 0 0 1 1 1 1 1 1 0 1 0 0 1 0 0 0 0 1 1 0 1
Subpop 0 best fitness of generation: Fitness: 1953.7614
Generation 127


Generation: 114
Best Individual:
Evaluated: T
Fitness: 1883.499
 0 0 0 1 1 0 0 0 0 0 1 0 0 1 1 1 1 1 0 1 1 0 0 1 1 0 0 1 1 0 1 1 0 1 1 0 0 1 1 0 0 0 0 1 0 0 0 0 1 1 1 0 1 0 1 0 1 0 1 0 1 1 1 0 0 0 0 0 0 0 0 1 1 1 1 0 0 0 0 1 0 1 1 0 1 1 0 0 0 0 1 0 0 0 1 1 0 0 0 1 1 0 0 1 0 0 1 1 1 1 0 1 1 1 1 1 1 0 0 0 1 0 0 0 0 0 1 1 0 0 0 1 0 1 0 1 1 0 1 0 0 0 1 0 1 1 1 1 1 1 1 1 1 1 1 1 0 0 0 0 1 1 0 0 1 0 1 0 0 1 0 0 1 0 0 0 1 1 0 0 1 1 0 1 1 1 0 1 1 0 0 1 1 0 1 0 1 1 1 0 1 0 1 0 0 0 1 0 0 0 1 0 0 1 0 0 0 0 0 1 0 0 0 0 1 1 0 1 1 0 1 1 1 0 0 0 0 1 0 0 0 1 0 0 0 1 1 0 0 1 0 0 1 0 0 0 1 0 0 1 1 1 0 0 0 1 1 1 1 1 0 1 1 1 1 0 1 1 1 0 1 0 0 0 0 0 1 0 0 0 0 1 0 0 1 0 0 1 0 1 1 1 1 0 1 1 0 0 0 0 0 0 0 0 1 0 0 1 0 1 0 0 1 0 1 1 0 1 1 0 0 1 0 0 1 0 0 0 1 0 1 1 1 1 0 1 1 1 1 1 0 0 0 0 1 0 1 1 0 1 0 1 1 1 1 0 0 0 0 0 1 0 1 0 0 1 1 1 1 0 0 0 1 0 1 0 1 1 1 0 0 0 0 0 0 0 1 1 0 1
Subpop 0 best fitness of generation: Fitness: 1883.499
Generation 115

Generation: 101
Best Individual:
Evaluated: T
Fitness: 1723.1766
 0 0 0 1 1 1 0 0 0 0 1 0 0 1 1 1 1 1 0 1 1 0 0 1 1 0 0 1 1 0 1 1 0 1 1 0 0 1 1 0 0 0 0 1 0 0 0 0 1 1 1 0 1 1 1 0 1 0 1 0 1 1 1 0 0 0 0 0 0 0 0 1 1 1 1 0 0 0 0 1 0 1 1 0 1 1 0 0 0 0 1 0 0 0 1 1 1 0 0 1 1 0 0 1 0 0 1 1 1 1 0 1 1 1 1 1 1 0 0 0 1 0 0 0 0 0 1 1 0 0 0 1 0 1 0 1 1 0 1 0 0 0 1 0 1 1 1 1 1 1 1 1 1 1 1 1 0 0 0 0 1 1 0 0 1 0 1 0 0 1 0 0 1 0 0 0 1 1 0 0 1 1 0 1 1 1 0 1 1 0 0 1 1 0 0 0 1 1 1 0 1 0 1 0 0 1 1 0 0 0 1 0 0 1 0 1 0 1 0 1 1 0 0 1 1 1 0 1 0 0 1 1 1 0 0 0 0 0 1 1 0 1 1 0 0 0 0 0 1 1 0 0 0 0 1 0 1 1 0 1 1 1 0 0 0 0 1 1 1 1 0 1 1 1 1 0 1 1 1 0 1 0 0 0 0 0 1 0 0 0 0 1 0 0 1 0 0 1 0 1 1 1 1 0 1 1 0 0 0 0 0 0 0 0 1 0 0 1 0 1 1 0 1 0 1 1 0 1 1 0 0 1 0 0 1 0 0 0 1 0 1 1 1 1 0 1 1 1 1 1 0 0 1 0 1 1 1 1 0 1 0 0 0 1 1 0 0 1 1 0 1 0 1 1 0 0 1 0 0 0 0 0 1 0 1 0 1 0 1 0 0 0 0 0 0 0 1 1 0 1
Subpop 0 best fitness of generation: Fitness: 1723.1766

0 0 0 1 0 0 1 1 1 1 1 1 1 0 0 1 1 1 1 0 1 1 1 0 0 0 0 0 0 1 1 1 1 1 0 1 1 0 1 1 0 1 0 0 1 1 0 0 0 0 0 1 0 0 0 0 1 1 1 0 1 1 1 1 1 1 0 1 0 0 1 1 0 1 0 1 1 1 1 0 0 0 1 0 0 0 1 0 0 0 0 1 1 1 1 1 1 1 1 1 1 1 1 0 1 1 1 1 1 0 0 0 0 1 0 1 0 0 0 1 1 0 1 1 1 0 1 1 1 0 0 1 1 0 0 1 0 0 0 0 0 1 1 0 0 1 1 0 0 0 0 1 0 0 0 1 0 0 0 0 1 0 0 0 1 0 0 0 0 1 0 0 1 1 0 0 0 1 0 0 1 1 0 1 1 0 0 0 0 0 1 1 0 1 1 1 1 0 0 1 1 0 0 0 0 0 0 1 0 0 0 1 1 0 0 0 0 0 0 0 1 0 1 0 0 0 0 0 0 0 1 1 1 0 1 0 0 1 0 0 0 1 1 1 0 1 1 1 0 1 0 1 0 0 1 0 0 0 0 1 1 0 1 1 1 0 0 0 1 1 1 1 1 1 1 0 0 1 1 1 0 0 0 0 0 1 1 1 0 0 1 0 0 1 1 0 1 1 1 1 0 1 1 1 1 1 1 1 0 1 1 1 0 0 1 0 0 0 1 1 1 0 0 0 1 0 0 1 1 1 1 1 1 1 1 1 0 0 0 0 0 1 0 1 1 0 1 0 1 0 0 1 1 1 1 0 1 0 0 1 1 0 0 0 0 0 1 1 1 0 0 0 0 1 0 1 1 0 1 0 1 1 1 0 1 1 0 0 0 1 0 0 0 1 1 0 0 0 1 1 0 0 1 1 0 0 1 0 1 1 1 0 0 1 1 1 0 1 0 0 1 0 0 1 1 1 0 0 1 0 0 1 0 0 1 0 1 0 0 0 1 1 0 1 0 1 0 0 1 1 1 1 0 0 0 1 0 0 0 0 0 1 0 1 1 1 1 0 1 0 1 0 1 0 0 0 1 0 0 1 1 0 1 0 1 0 1 0 1 1 0 1 0 0 1 0 1 1 0 0


Generation: 127
Best Individual:
Evaluated: T
Fitness: 2251.9697
Subpop 0 best fitness of generation: Fitness: 2251.9697
 0 0 0 1 0 0 1 1 1 1 1 1 1 0 0 1 1 1 1 0 1 1 1 0 0 0 1 0 0 1 1 1 1 1 0 1 1 0 1 1 0 1 0 0 1 0 0 0 0 0 0 1 0 0 0 0 1 1 1 0 1 1 1 1 1 1 1 1 0 0 1 1 0 1 0 1 1 1 1 0 0 0 1 0 0 0 1 0 0 0 0 1 1 1 1 1 1 1 1 1 1 1 1 0 1 1 1 1 1 0 0 0 0 0 0 1 0 1 0 1 1 0 1 1 1 0 1 1 1 0 0 1 1 0 0 1 0 0 1 0 0 1 1 0 0 1 1 0 0 0 0 1 0 0 0 1 0 0 0 0 1 0 0 0 1 0 0 0 0 1 0 0 1 1 0 0 0 1 0 0 1 1 0 1 1 0 0 0 0 0 1 1 1 1 0 1 1 0 0 1 1 1 0 0 0 0 0 1 0 1 0 1 1 0 0 0 1 0 0 0 0 0 1 0 0 0 0 0 0 0 1 0 1 0 1 0 1 0 0 0 0 1 1 1 0 1 1 1 0 1 0 1 0 0 1 0 0 0 1 1 1 0 1 1 1 0 0 0 1 1 1 1 0 1 1 0 0 1 1 1 0 0 0 0 0 1 1 1 0 0 1 0 0 1 1 0 1 1 1 1 0 1 1 1 1 1 1 1 0 1 1 1 0 0 1 0 0 0 1 1 1 0 0 0 1 0 0 1 1 1 1 1 1 1 1 1 0 0 0 0 0 1 0 1 1 0 1 0 1 0 0 1 1 1 1 0 1 0 0 0 1 0 0 0 0 0 1 1 1 0 0 0 0 1 0 1 1 0 1 0 1 1 1 0 1 1 0 1 0 1 0 0 0 1 1 0 0 0 1 0 0 0 0 1 0 0 0 0 1 1 1 0 0 1 1 0 1 1 0 0 1 1 0 1 0 1 0 0 1 0 1 1 0 1 1 0 1 0 0 0 1 1 0 1 0 1 0 0 1 1 1 1 0 1 0 1 0 0 0 0 0 1 0 1 1 1 1 0 1 0 1 0 1 0 0 0 1 0 0 1 0 0 1 0 0 0 0 0 1 1 0 1 0 0 1 0 1 1 0 0
Generation 128

Generation: 128
Best Individual:
Evaluated: T
Fitness: 2566.2834
 0 0 0 1 0 0 1 1 1 1 1 1 1 0 0 1 1 1 1 0 1 1 1 0 0 0 1 0 0 1 1 1 1 1 0 1 1 0 1 1 0 1 0 0 1 0 0 0 0 0 0 1 0 0 0 0 1 1 1 0 1 1 1 1 1 1 1 1 0 0 1 1 0 1 0 1 1 1 1 0 0 0 1 0 0 0 1 0 0 0 0 1 1 1 1 1 1 1 1 1 1 1 1 0 1 1 1 1 1 0 0 0 0 0 0 1 0 1 0 1 1 0 1 1 1 0 1 1 1 0 0 1 1 0 0 1 0 0 1 0 0 1 1 0 0 1 1 0 0 0 0 1 0 0 0 1 0 0 0 0 1 0 0 0 1 0 0 0 0 1 0 0 1 1 0 0 0 1 0 0 1 1 0 1 1 0 0 0 0 0 1 1 1 1 0 1 1 0 0 1 1 1 0 0 0 0 0 1 0 1 0 1 1 0 0 0 1 0 0 0 0 0 1 0 0 0 0 0 0 0 1 0 1 0 1 0 1 0 0 0 0 1 1 1 0 1 1 1 0 1 0 1 0 0 1 0 0 0 1 1 1 0 1 1 1 0 0 0 1 1 1 1 0 1 1 0 0 1 1 1 0 0 0 0 0 1 1 1 0 0 1 0 0 1 1 0 1 1 1 1 0 1 1 1 1 1 1 1 0 1 1 1 0 0 1 0 0 0 1 1 1 0 0 0 1 0 0 1 1 1 1 1 1 1 1 1 0 0 0 0 0 1 0 1 1 0 1 0 1 0 0 1 1 1 1 0 1 0 0 1 1 0 0 0 0 0 1 1 1 0 0 0 0 1 0 1 1 0 1 0 1 1 1 0 1 1 0 0 0 1 0 0 0 1 1 0 0 0 1 1 0 0 1 1 0 0 1 0 1 1 1 0 0 1 1 1 0 1 0 0 1 0 0 1 1 1 0 0 1 0 0 1 0 0 1 1 0 0 0 0 1 1 0 1 0 1 0 0 1 1 1 1 1 0 0 1 0 0 0 0 0 1 0 1 1 1 1 0 1 0 1 0 1 0 0 0 1 0 0 1 1 0 0 0 1 0 1 0 1 0 0 0 0 0 0 0 1 1 0 0
Subpop 0 best fitness of generation: Fitness: 2566.2834
Generation 129

Generation: 129
Best Individual:
Evaluated: T
Fitness: 2625.242
 0 0 0 1 0 0 1 1 1 1 1 1 1 0 0 0 1 1 1 0 1 1 1 0 0 0 1 0 0 1 1 1 1 1 0 1 1 0 1 1 0 1 0 0 1 0 0 0 0 0 0 1 0 0 0 0 1 1 1 0 1 1 1 1 1 1 1 1 0 0 1 1 0 1 0 1 1 1 1 0 0 0 1 0 0 0 1 0 0 0 0 1 1 1 1 1 1 1 1 1 1 1 1 0 1 1 1 1 1 0 0 0 0 0 0 1 0 1 0 1 1 0 1 1 1 0 1 1 1 0 0 1 1 0 0 1 0 0 1 0 0 1 1 0 0 1 1 0 0 0 0 1 0 0 0 1 0 0 0 0 1 0 0 0 1 0 0 0 0 1 0 0 1 1 0 0 0 1 0 0 1 1 0 1 1 0 0 0 0 0 1 0 1 1 0 1 1 0 0 1 1 1 0 0 0 0 0 1 0 1 0 1 1 0 0 0 1 0 0 0 0 0 1 0 0 0 0 0 0 0 1 0 1 0 1 0 1 0 0 0 0 1 1 1 0 1 1 1 0 1 0 1 0 0 1 0 0 0 1 1 1 0 1 1 1 0 0 0 1 1 1 1 0 1 1 0 0 1 1 1 0 0 0 0 0 1 1 1 0 0 1 0 0 1 1 0 1 1 1 1 0 1 1 1 1 1 1 1 0 1 1 0 0 0 1 0 0 0 1 1 1 0 0 0 1 0 0 1 1 1 1 1 1 1 1 1 0 0 0 0 0 1 0 1 1 0 1 0 1 0 0 1 1 1 1 0 1 0 0 1 1 0 0 0 0 0 1 1 1 0 0 0 0 1 0 1 1 0 1 0 1 1 1 0 1 1 0 0 0 1 0 0 0 1 1 0 0 0 1 1 0 0 1 1 0 0 1 0 1 1 1 0 0 1 1 1 0 1 0 0 1 0 0 1 1 1 0 0 1 0 0 1 0 0 1 1 0 0 0 0 1 1 0 1 0 1 0 0 1 1 1 1 1 0 0 1 0 0 0 0 0 1 0 1 1 1 1 0 1 0 1 0 1 0 0 0 1 0 0 1 1 0 0 0 1 0 1 0 1 0 0 0 0 0 0 0 1 1 0 0
Subpop 0 best fitness of generation: Fitness: 2625.242
Generation 130


Generation: 135
Best Individual:
Evaluated: T
Fitness: 2644.8442
 0 0 0 1 0 0 1 1 1 1 1 1 1 0 0 0 1 1 1 0 1 1 1 0 0 0 1 0 0 1 1 1 1 1 0 1 1 0 1 1 0 1 0 0 1 0 0 0 0 0 0 1 0 0 0 0 1 1 1 0 1 1 1 1 1 1 1 1 0 0 1 1 0 1 0 1 1 1 1 0 0 0 1 0 0 0 1 0 0 0 0 1 1 1 1 1 1 1 1 1 1 1 1 0 1 1 1 1 1 0 0 0 0 1 0 1 0 0 0 1 1 0 1 1 1 0 1 1 1 0 0 1 1 1 0 1 0 0 1 0 0 1 1 0 0 0 1 0 0 0 0 1 0 0 0 0 0 1 0 0 0 0 0 0 1 0 0 0 0 1 0 0 1 1 0 0 0 1 0 0 1 1 0 1 1 0 1 0 1 1 1 1 0 1 1 0 1 1 0 1 1 0 1 1 1 0 0 1 0 1 0 1 1 0 0 0 1 0 0 0 0 0 1 1 0 0 0 0 0 0 1 0 1 0 1 0 1 0 0 0 0 1 1 1 0 1 1 1 0 1 0 1 0 0 1 0 0 0 0 1 1 0 1 1 1 0 0 0 1 1 1 1 0 1 1 0 0 1 1 1 0 0 0 0 0 1 1 1 0 0 1 0 0 1 1 0 1 1 1 1 0 1 1 1 1 1 1 1 0 1 1 1 0 0 1 0 0 0 1 1 1 0 0 0 1 0 0 1 1 1 1 1 1 1 1 1 0 0 0 0 0 1 0 1 1 0 1 0 1 0 0 1 1 1 1 0 1 0 0 1 1 0 0 0 0 0 1 1 1 0 0 0 0 1 0 1 1 0 1 0 1 1 1 0 1 1 0 0 0 1 0 0 0 1 1 0 0 0 1 1 0 0 1 1 1 0 1 0 1 1 1 0 0 1 1 1 0 1 0 0 1 0 0 1 1 1 0 0 1 0 0 1 0 0 1 0 0 0 0 0 1 1 0 1 0 1 0 0 1 1 1 1 0 0 0 1 0 0 0 0 0 1 0 1 1 1 1 0 1 0 1 1 1 1 0 0 1 0 0 1 1 0 1 0 0 0 1 0 1 1 0 1 1 0 1 0 1 1 0 0
Subpop 0 best fitness of generation: Fitness: 2644.8442
Generation 136

Generation: 136
Best Individual:
Evaluated: T
Fitness: 2630.697
 0 0 0 1 0 0 1 1 1 1 1 1 1 0 0 1 1 1 1 0 1 1 1 0 0 0 1 0 0 1 1 1 1 1 0 1 1 0 1 1 0 1 0 0 1 0 0 0 0 0 0 1 0 0 0 0 1 1 1 0 1 1 1 1 1 1 1 1 0 0 1 1 0 1 0 1 1 1 1 0 0 0 1 0 0 0 1 0 0 0 0 1 1 1 1 1 1 1 1 1 1 1 1 0 1 1 1 1 1 0 0 1 0 0 0 1 0 0 0 1 1 0 1 1 1 0 1 1 1 0 0 1 1 0 0 1 0 0 1 1 0 1 1 0 0 1 1 0 0 0 0 1 0 0 0 1 0 0 0 0 1 0 0 0 1 0 0 0 0 1 0 0 1 1 0 1 0 1 0 0 1 1 0 1 1 0 0 0 0 0 1 1 1 1 1 1 1 0 0 1 1 0 0 0 0 0 0 1 0 1 0 1 1 0 0 0 1 0 0 0 0 0 1 1 0 0 0 0 0 0 1 0 1 0 1 0 0 1 0 0 0 1 1 1 0 1 1 1 0 1 0 1 0 0 1 0 0 0 1 1 1 0 1 1 1 0 0 0 1 1 1 1 0 1 1 0 0 1 1 1 0 0 0 0 0 1 1 1 0 0 1 0 0 1 1 0 1 1 1 1 0 1 1 1 1 1 1 1 0 1 1 1 0 0 1 0 0 0 1 1 1 0 0 0 1 0 0 1 1 1 1 1 1 1 1 1 0 0 0 0 0 1 0 1 1 0 1 0 1 0 0 1 1 1 1 0 1 0 0 1 1 0 0 0 0 0 1 0 1 0 0 0 0 1 0 1 1 0 1 1 1 1 1 0 1 1 0 0 0 1 0 0 0 1 1 0 0 0 1 1 0 0 1 1 0 0 1 0 1 1 1 0 0 1 1 1 0 1 0 0 1 0 0 1 1 1 0 0 1 0 0 0 0 0 1 0 0 0 0 0 1 1 0 1 1 1 0 0 1 1 1 1 0 0 0 1 0 0 0 0 0 1 0 1 1 1 1 0 1 0 1 1 1 0 0 0 1 0 0 1 1 0 1 0 0 0 1 0 1 1 0 1 1 0 1 0 1 1 0 0
Subpop 0 best fitness of generation: Fitness: 2630.697
Generation 137

genome: 100011010000000100001010111110001001011110011010111111101110111110011000011001110110111110001101111111110011001001001101100000000010111011110111000101001011000001110101100111011101111100001000101001100011101101001110110001111000111101111110011011000111100000010110011011001100101100010111101010001100110011111001010110111110100000101011000000101110111110101100110000100011001101110100001000110011011101100110111110100110010011111010001101011111010001100100010011111001101011001101110010000011111000111001110100000111100010101100001110111101100010111010000000001101100100011000000111010010011100101010
fitness: on training data: 214.51066961412636 vs. 4.716 for buy and hold. Fitness on test data: 8.66627443826321 vs. 4.087 for buy and hold
